Question,Question Explanation,Op1,Op2,Op3,Op4,Answer
"Όταν αρχίζετε να μαθαίνετε να σχηματίζετε προτάσεις σε μια ξένη γλώσσα, θα πρέπει:","""Η εκμάθηση γλωσσών είναι σαν την παρασκευή τσαγιού. Για να γράψετε/πείτε κάτι σύμφωνα με τη γραμματική, πρέπει να γνωρίζετε τον οδηγό γλώσσας. Η γραμματική μπορεί να συγκριθεί με μια συνταγή μαγειρικής, εξηγώντας όλα τα βήματα που απαιτούνται για την προετοιμασία ενός πιάτου. Αλλά πρώτα από όλα, πρέπει να ξέρουμε τα συστατικά!
Τα συστατικά στη γραμματική της γλώσσας είναι, για παράδειγμα, το θέμα και το ρήμα. Η διαίρεση των προτάσεων σε συστατικά θα βελτιώσει τη μάθησή σας - δοκιμάστε το! Το ίδιο ισχύει και για την εκμάθηση του πώς να χτίζετε δομές»","Να χωρίσετε την πρόταση σε υποτμήματα όπως υποκείμενο, ρήμα κ.λπ.","Να τοποθετήσετε υποτμήματα όπως υποκείμενο, ρήμα κ.λπ. στη σωστή σειρά","Να ονομάσετε τα συστατικά όπως υποκείμενο, ρήμα κ.λπ.","Να ανακατέψετε τα συστατικά όπως θέμα, ρήμα κ.λπ. με οποιαδήποτε σειρά και ελέγξτε την κατανόηση",0
Η πιο γρήγορη σωστή μέθοδος για να αθροίσετε όλους τους ακέραιους αριθμούς από το 1 έως το 10 στο κεφάλι σας είναι:,"Αν προσέθετε δέκα δεκάδες, θα ήταν εύκολο. Το άθροισμα θα ήταν 100. Αυτό φαίνεται ενδιαφέρον, οπότε προσπαθήστε να ξεκινήσετε την πρόσθεση με τον τελευταίο αριθμό, δηλαδή 10. Προσθέστε σε αυτό το άθροισμα του πρώτου και του από δεύτερο προς το τελευταίο, δηλαδή 1 + 9 και προχωρήστε ως εξής. Η προσθήκη θα μοιάζει με αυτό:
10 +
1 + 9 +
2 + 8 +
3 + 7 +
4 + 6.
Έχετε πέντε σειρές και σε καθεμία το άθροισμα είναι 10. Έτσι έχετε αποσυνθέσει μια σύνθετη αριθμητική πράξη σε μια σειρά από απλά στοιχεία. Πέντε δεκάδες, είναι 50, και 50, είναι το μισό του 100. Δηλαδή, 100 / 2. Σας μένουν άλλα 5 να προσθέσετε. Όλα μαζί, είναι 100 / 2 + 5, ή 55. Μπορείτε να δείτε το μοτίβο τώρα που θα απλοποιήσει τους υπολογισμούς; Τώρα ελέγξτε αν το 55 είναι ένα καλό αποτέλεσμα προσθέτοντας όλους τους αριθμούς από το 1 έως το 10 έναν προς έναν.","Να προσθέσετε 1, 2, 3, 4, κτλ. Μέχρι το 10",Να πολλαπλασιάσετε 10 επί 5 και να προσθέσετε 1 ,Να διαιρέσετε 100 δια 2 και προσθέστε 5,Να υπολογίστε: ((1 + 10 ) x 10) / 2,2
"Για να προσθέσετε όλους τους ακέραιους αριθμούς από το 1 έως το 20 σε 10 δευτερόλεπτα, μόνο στη μνήμη, θα πρέπει:","Αν αθροίσετε τον πρώτο και τον τελευταίο αριθμό που πρέπει να προσθέσετε, που είναι 1 + 20, παίρνετε 21. Έχετε 10 τέτοια ζεύγη. Αυτά είναι τα δομικά στοιχεία που ανακαλύψατε αποσυνθέτοντας έναν πολύπλοκο υπολογισμό. Άρα 10 x 21 = 210. Αυτό είναι το μοτίβο για τέτοιους υπολογισμούς. Τώρα ελέγξτε αν το 210 είναι καλό αποτέλεσμα προσθέτοντας όλους τους αριθμούς από το 1 έως το 20 έναν προς έναν σε ένα κομμάτι χαρτί, σε μια αριθμομηχανή ή σε έναν υπολογιστή. Μπορείτε επίσης να δοκιμάσετε στη μνήμη :)",Να πολλαλασιάστε το 10 με το 21,"Να προσθέστε 1, 2, 3, 4 και ούτω καθεξής, αλλά πολύ γρήγορα","Να προσθέστε 20, 19, 18, 17 και ούτω καθεξής, αλλά πολύ γρήγορα","Να προσθέστε 20, 1, 19, 2, 18, 3 και ούτω καθεξής, αλλά πολύ γρήγορα",0
"Για να αθροίσετε όλους τους ακέραιους αριθμούς από το 1 στο X σε 10 δευτερόλεπτα, χρησιμοποιώντας μόνο τη μνήμη σας, θα πρέπει να υπολογίσετε:","Για αρχή, ένα παράδειγμα. Η προσθήκη αριθμών από το 1 έως το 10, δηλαδή στο Χ = 10, είναι στην αρχή εύκολη υπόθεση. Το 1 + 2 είναι μόνο 3 και το 3 + 3 είναι 6, κ.λπ. Φανταστείτε όμως να προσθέσετε από το 1 στο 140. Καθώς προσθέτετε όλο και περισσότερους αριθμούς στο μυαλό σας, είναι εύκολο να μπερδευτείτε. Προσπαθήστε να βρείτε μια γενική λύση αλλάζοντας τον τρόπο που σκέφτεστε. Προσθέστε, για παράδειγμα, όχι τον πρώτο και τον δεύτερο αριθμό, αλλά τον πρώτο και τον τελευταίο. 1 + 10 = 11. Το επόμενο ζεύγος δίνει το ίδιο αποτέλεσμα: 2 + 9 = 11. Έχετε αποσυνθέσει τα δεδομένα σε απλά, επαναλαμβανόμενα στοιχεία. Στα επόμενα ζεύγη, το άθροισμα θα είναι επίσης 11. Έτσι έχετε αναγνωρίσει το μοτίβο της εύκολης άθροισης. Πόσα ζευγάρια θα έχουν το ίδιο άθροισμα; Τα επόμενα ζευγάρια είναι: 1+10, 2+9, 3+8, 4+7 και 5+6. Ο αριθμός των ζευγών είναι 5, που είναι οι μισοί από τους αριθμούς που πρέπει να αθροίσετε. Μπορείτε να το γράψετε έτσι ώστε με 10 αριθμούς να υπάρχουν 10 / 2 = 5 - πέντε ζεύγη. Μπορείτε τώρα να αφαιρέσετε την ιδέα χρησιμοποιώντας αριθμητικά σύμβολα και να οργανώσετε έναν αλγόριθμο, περιγράφοντας βήματα της λύσης για οποιαδήποτε δεδομένα. Με τους αριθμούς Χ, έχετε X / 2 ζεύγη και οι αθροιστικές τιμές είναι 1 + Χ. Άρα ο αλγόριθμος μοιάζει με αυτό: X/2+(1+X). Τώρα ελέγξτε αν αυτός ο αλγόριθμος δίνει επίσης σωστά αποτελέσματα για αριθμούς από το 1 έως το 11, έως το 20 ή για οποιονδήποτε άλλο αριθμό. Επίσης, προσπαθήστε να γενικεύσετε αυτόν τον αλγόριθμο σε οποιοδήποτε ζεύγος αριθμών <X; Υ> όπου Χ<Υ.",X/2 * (X+1),X*2 / (X+1),(X+1) / X*2,2X * X,0
"Για να αντισταθείτε στην ανεπιθύμητη πίεση να κάνετε το λάθος, θα πρέπει να ακολουθήσετε αυτά τα βήματα με τη σειρά που δίνεται:","Η υπολογιστική σκέψη περιλαμβάνει τον διαχωρισμό σύνθετων προβλημάτων σε μικρότερα, πιο διαχειρίσιμα μέρη και τη χρήση μιας λογικής προσέγγισης για την επίλυσή τους. Αυτή η ίδια προσέγγιση μπορεί να εφαρμοστεί στην αντίσταση στην ανεπιθύμητη πίεση να κάνουμε το λάθος πράγμα.

Τα βήματα της ονομασίας των στοιχείων της κατάστασης, της αναγνώρισης του επικίνδυνου πλαισίου, της εφαρμογής των δικαιωμάτων διεκδίκησης και της αποχώρησης από τον τόπο/κατάσταση βασίζονται σε μια συστηματική προσέγγιση για την επίλυση προβλημάτων και κάθε βήμα βασίζεται στο προηγούμενο.

Δείτε πώς εφαρμόζονται αυτά τα βήματα για την αντίσταση στην ανεπιθύμητη πίεση:
     Ονομασία στοιχείων της κατάστασης: Το πρώτο βήμα για να αντισταθείτε στην ανεπιθύμητη πίεση είναι να εντοπίσετε και να κατανοήσετε τα διαφορετικά στοιχεία της κατάστασης. Αυτό περιλαμβάνει την κατανόηση των κινήτρων του ατόμου ή των ατόμων που σας πιέζουν, των πιθανών συνεπειών από την υποχώρηση στις απαιτήσεις τους και των ηθικών επιπτώσεων των πράξεών σας.

     Αναγνώριση επικίνδυνου πλαισίου: Αφού προσδιορίσετε τα διαφορετικά στοιχεία της κατάστασης, το επόμενο βήμα είναι να αναγνωρίσετε πότε το πλαίσιο γίνεται επικίνδυνο. Αυτό περιλαμβάνει την κατανόηση πότε η πίεση που ασκείται είναι ακατάλληλη ή ανήθικη και πότε μπορεί να οδηγήσει σε βλάβη ή αρνητικές συνέπειες για εσάς ή τους άλλους.

     Εφαρμογή δικαιωμάτων διεκδίκησης: Αφού αναγνωρίσετε ότι το πλαίσιο έχει γίνει επικίνδυνο, το επόμενο βήμα είναι να διεκδικήσετε τα δικαιώματά σας και να υπερασπιστείτε τον εαυτό σας. Αυτό συνεπάγεται ξεκάθαρη επικοινωνία των ορίων και των προσδοκιών σας στο άτομο ή στα άτομα που σας πιέζουν, και την άρνηση να ενδώσετε στις απαιτήσεις τους.

     Φεύγοντας από το μέρος/κατάσταση: Εάν η πίεση συνεχίζεται και δεν μπορείτε να επιλύσετε την κατάσταση, το τελικό βήμα είναι να φύγετε από το μέρος ή την κατάσταση. Αυτό μπορεί να περιλαμβάνει την απομάκρυνση του εαυτού σας από την κατάσταση, την αναζήτηση βοήθειας από άλλους ή τη λήψη άλλων μέτρων για να διασφαλίσετε την ασφάλεια και την ευημερία σας.

Ακολουθώντας αυτά τα βήματα με τη σειρά, μπορείτε να προσεγγίσετε το πρόβλημα της ανεπιθύμητης πίεσης με λογικό και συστηματικό τρόπο και να αυξήσετε τις πιθανότητές σας να αντισταθείτε επιτυχώς.",Να ονομάσετε στοιχεία της κατάστασης; να αναγνωρίσετε  το επικίνδυνο πλαίσιο; να εφαρμόσετε δικαιώματα διεκδίκησης; να εγκαταλείψτε τον τόπο/την κατάσταση,Να εγκαταλείψτε τον τόπο/την κατάσταση; να ονομάσετε στοιχεία της κατάστασης; να αναγνωρίσετε  το επικίνδυνο πλαίσιο; να εφαρμόσετε δικαιώματα διεκδίκησης,Να εφαρμόσετε δικαιώματα διεκδίκησης;  να εγκαταλείψτε τον τόπο/την κατάσταση; να ονομάσετε στοιχεία της κατάστασης; να αναγνωρίσετε  το επικίνδυνο πλαίσιο ,Να αναγνωρίσετε  το επικίνδυνο πλαίσιο; να εγκαταλείψτε τον τόπο/την κατάσταση; να εφαρμόσετε δικαιώματα διεκδίκησης; Να ονομάσετε στοιχεία της κατάστασης,0
"Για να διδάξετε στο ρομπότ πώς να καθαρίζει ένα δωμάτιο, πρέπει να ακολουθήσετε τα παρακάτω βήματα με τη σειρά που δίνεται:","Η υπολογιστική σκέψη περιλαμβάνει τον διαχωρισμό των πολύπλοκων εργασιών σε μικρότερα, πιο διαχειρίσιμα μέρη και τη χρήση μιας λογικής προσέγγισης για την επίλυσή τους. Αυτή η ίδια προσέγγιση μπορεί να εφαρμοστεί και στη διδασκαλία ενός ρομπότ πώς να καθαρίζει ένα δωμάτιο.

Τα βήματα της λίστας όλων των στοιχείων του δωματίου, της αναγνώρισης περιοχών που συνδέουν στοιχεία, του καθορισμού κανόνων που πρέπει να εφαρμοστούν και της προετοιμασίας βήμα προς βήμα οδηγιών βασίζονται σε μια συστηματική προσέγγιση επίλυσης προβλημάτων και κάθε βήμα βασίζεται στο προηγούμενο.

Δείτε πώς εφαρμόζονται αυτά τα βήματα για τη διδασκαλία ενός ρομπότ πώς να καθαρίζει ένα δωμάτιο:

 Καταγράψτε όλα τα στοιχεία του δωματίου: Το πρώτο βήμα για να διδάξετε ένα ρομπότ πώς να καθαρίζει ένα δωμάτιο είναι να απαριθμήσετε όλα τα στοιχεία του δωματίου με τα οποία χρειάζεται να αλληλεπιδράσει το ρομπότ. Αυτό περιλαμβάνει έπιπλα, τοίχους, δάπεδα και οποιαδήποτε άλλα αντικείμενα ή χαρακτηριστικά που μπορεί να υπάρχουν.

Αναγνώριση περιοχών που συνδέουν στοιχεία: Αφού προσδιορίσετε όλα τα στοιχεία του δωματίου, το επόμενο βήμα είναι να αναγνωρίσετε τις περιοχές που συνδέουν αυτά τα στοιχεία μεταξύ τους. Για παράδειγμα, η περιοχή μεταξύ των τοίχων και του δαπέδου ή η περιοχή κάτω από τα έπιπλα. Αναγνωρίζοντας αυτές τις περιοχές, μπορείτε να αναπτύξετε μια πιο αποτελεσματική στρατηγική καθαρισμού για το ρομπότ.

Καθορισμός κανόνων που πρέπει να εφαρμόζονται: Αφού αναγνωρίσετε τις περιοχές που συνδέουν τα στοιχεία, το επόμενο βήμα είναι να ορίσετε τους κανόνες που πρέπει να ακολουθεί το ρομπότ όταν καθαρίζει το δωμάτιο. Για παράδειγμα, το ρομπότ μπορεί να χρειαστεί να αποφύγει την πρόσκρουση σε έπιπλα ή τοίχους ή μπορεί να χρειαστεί να καθαρίσει ορισμένες περιοχές πιο προσεκτικά από άλλες.

 Προετοιμάστε οδηγίες βήμα προς βήμα: Αφού καθοριστούν οι κανόνες, το τελευταίο βήμα είναι να προετοιμάσετε οδηγίες βήμα προς βήμα που μπορεί να ακολουθήσει το ρομπότ για να καθαρίσει αποτελεσματικά το δωμάτιο. Αυτές οι οδηγίες θα πρέπει να λαμβάνουν υπόψη τα στοιχεία του δωματίου, τις περιοχές που τα συνδέουν και τους κανόνες που έχουν καθοριστεί.

Ακολουθώντας αυτά τα βήματα με τη σειρά, μπορείτε να προσεγγίσετε το έργο του να διδάξετε ένα ρομπότ πώς να καθαρίζει ένα δωμάτιο με λογικό και συστηματικό τρόπο και να αυξήσετε τις πιθανότητες το ρομπότ να εκτελέσει την εργασία αποτελεσματικά και αποτελεσματικά","Να απαριθμήστε όλα τα στοιχεία του δωματίου, να αναγνωρίσετε περιοχές που συνδέουν στοιχεία να καθορίσετε τους κανόνες που πρέπει να εφαρμόζονται; να ετοιμάσετε οδηγίες βήμα προς βήμα",Να καθορίσετε τους κανόνες που πρέπει να εφαρμόζονται; να απαριθμήστε όλα τα στοιχεία του δωματίου; να αναγνωρίσετε περιοχές που συνδέουν στοιχεία; να ετοιμάσετε οδηγίες βήμα προς βήμα,Να  απαριθμήστε όλα τα στοιχεία του δωματίου; να καθορίσετε τους κανόνες που πρέπει να εφαρμόζονται; να ετοιμάσετε οδηγίες βήμα προς βήμα; να αναγνωρίσετε περιοχές που συνδέουν στοιχεία,Να ονομάσετε όλα τα στοιχεία του δωματίου; να ετοιμάσετε οδηγίες βήμα προς βήμα; να καθορίσετε τους κανόνες που πρέπει να εφαρμόζονται; να αναγνωρίσετε περιοχές που συνδέουν στοιχεία,0
Η λίστα υποχρεώσεων για τον καθαρισμό ενός δωματίου πρέπει να περιλαμβάνει τις ακόλουθες πληροφορίες:,"Η υπολογιστική σκέψη περιλαμβάνει τον διαχωρισμό σύνθετων εργασιών σε μικρότερα, πιο διαχειρίσιμα μέρη και την ανάπτυξη μιας λογικής προσέγγισης για την επίλυση προβλημάτων. Αυτή η ίδια προσέγγιση μπορεί να εφαρμοστεί στη δημιουργία μιας λίστας υποχρεώσεων για τον καθαρισμό ενός δωματίου.

Η συμπερίληψη μιας λίστας με όλα τα αντικείμενα προς καθαρισμό, ένας κανόνας που συνδυάζει κατηγορίες αντικειμένων στο δωμάτιο σε ομάδες/τύπους και γενικές συστάσεις για τη σειρά και την πληρότητα των ομάδων καθαρισμού/ειδών αντικειμένων, βοηθά στη δημιουργία ενός σαφούς και οργανωμένου σχεδίου καθαρισμού το δωμάτιο. Αναλύοντας τη διαδικασία καθαρισμού σε μικρότερα μέρη, γίνεται ευκολότερο να διαχειριστείτε και να ολοκληρώσετε την εργασία αποτελεσματικά.

Επιπλέον, η παροχή συγκεκριμένων οδηγιών για ομάδες και είδη καθαρισμού, όπως έπιπλα, ηλεκτρονικά και άλλα είδη με τη σωστή σειρά, διασφαλίζει ότι η διαδικασία καθαρισμού πραγματοποιείται διεξοδικά και με συνέπεια. Αυτή η προσέγγιση βοηθά επίσης στην ελαχιστοποίηση της πιθανότητας απώλειας αντικειμένων ή περιοχών κατά τη διαδικασία καθαρισμού.
",Μια λίστα με όλα τα αντικείμενα που πρέπει να καθαριστούν. Ένας κανόνας που συνδυάζει κατηγορίες αντικειμένων στο δωμάτιο σε ομάδες/τύπους. Γενικές συστάσεις για την τάξη και την πληρότητα των ομάδων καθαρισμού/ειδών ειδών.,"Συγκεκριμένες οδηγίες για ομάδες καθαρισμού και είδη όπως έπιπλα (καρέκλα, γραφείο, ντουλάπα κ.λπ.), ηλεκτρονικά είδη (τηλεόραση, υπολογιστής, soundbar κ.λπ.) με τη σωστή σειρά.",Τις δύο πιο πάνω επιλογές.,Κανένα από τα πιο πάνω.,2
Χρειάζονται 2 ώρες για να φορτιστεί πλήρως ένα κινητό τηλέφωνο. Ποιος είναι ο συντομότερος χρόνος για να φορτίσετε πλήρως 3 κινητά τηλέφωνα με 2 φορτιστές;,"Το επιθυμητό αποτέλεσμα είναι να φορτίσετε πλήρως τρία κινητά τηλέφωνα χρησιμοποιώντας δύο φορτιστές στο συντομότερο δυνατό χρόνο.

Μπορούμε πρώτα να σημειώσουμε ότι αν προσπαθήσουμε να φορτίσουμε και τα 3 κινητά τηλέφωνα ταυτόχρονα χρησιμοποιώντας 2 φορτιστές, ο χρόνος φόρτισης θα είναι μεγαλύτερος από 2 ώρες για κάθε τηλέφωνο. Αυτό συμβαίνει επειδή η ισχύς που παρέχεται από τους φορτιστές θα κατανεμηθεί στα 3 τηλέφωνα, επομένως κάθε τηλέφωνο θα λαμβάνει λιγότερη από την πλήρη ισχύ φόρτισης που χρειάζεται.

Αντίθετα, μπορούμε να φορτίσουμε 2 από τα κινητά τηλέφωνα χρησιμοποιώντας και τους δύο φορτιστές ταυτόχρονα και στη συνέχεια να φορτίσουμε το τρίτο τηλέφωνο ξεχωριστά μόλις φορτιστεί πλήρως ένα από τα 2 πρώτα τηλέφωνα. Με αυτόν τον τρόπο, μπορούμε να φορτίσουμε δύο τηλέφωνα με πλήρη ισχύ φόρτισης για 2 ώρες, τα οποία θα τα φορτίσουν πλήρως. Στη συνέχεια, μπορούμε να χρησιμοποιήσουμε έναν από τους φορτιστές για να φορτίσουμε το τρίτο τηλέφωνο για 2 ώρες μέχρι να φορτιστεί πλήρως.

Έτσι, ο συνολικός χρόνος φόρτισης και για τα 3 τηλέφωνα θα είναι 2 ώρες για τα δύο πρώτα τηλέφωνα + 2 ώρες για το τρίτο τηλέφωνο = 4 ώρες.

Η παραπάνω μέθοδος δεν είναι επίσης η πιο γρήγορη. Μπορούμε να συγκρίνουμε την παρουσιαζόμενη λύση και εξήγηση με άλλες πιθανές απαντήσεις που βρέθηκαν ως αποτέλεσμα της υπολογιστικής σκέψης. Το πρώτο βήμα της υπολογιστικής σκέψης είναι η αποσύνθεση του προβλήματος, ένα από τα βήματα υπολογιστικής σκέψης. Η αποσύνθεση του προβλήματος περιλαμβάνει τον διαχωρισμό ενός σύνθετου προβλήματος σε μικρότερα, πιο διαχειρίσιμα υποπροβλήματα που μπορούν να επιλυθούν μεμονωμένα και στη συνέχεια να συνδυαστούν για να λύσουν το μεγαλύτερο πρόβλημα.

Μπορούμε να αναλύσουμε το γενικό πρόβλημα της φόρτισης 3 τηλεφώνων με 2 φορτιστές σε τέσσερα πιο απλά υποπροβλήματα: φόρτιση δύο τηλεφώνων για 2 ώρες με δύο φορτιστές, φόρτιση ενός τηλεφώνου για 2 ώρες με έναν φορτιστή, φόρτιση ενός τηλεφώνου για 1 ώρα με έναν φορτιστή και αλλαγή ενός τηλεφώνου από έναν φορτιστή σε άλλο.

Τώρα, χρησιμοποιώντας αυτά τα υποπροβλήματα και συνδυάζοντας τις εξαγόμενες παραλλαγές με νέο τρόπο, μπορούμε να δούμε ότι μπορούμε να ξεκινήσουμε φορτίζοντας το πρώτο τηλέφωνο για 2 ώρες με τον πρώτο φορτιστή. Ταυτόχρονα, μπορούμε να ξεκινήσουμε τη φόρτιση του δεύτερου τηλεφώνου με τον δεύτερο φορτιστή, αλλά να το αποσυνδέσουμε μετά από 1 ώρα και να συνδέσουμε το τρίτο τηλέφωνο στον δεύτερο φορτιστή για 2 ώρες. Μόλις το πρώτο τηλέφωνο φορτιστεί πλήρως με τον πρώτο φορτιστή, μπορούμε με τη σειρά μας να συνδέσουμε το δεύτερο τηλέφωνο σε αυτόν τον φορτιστή για 1 ώρα. Με αυτόν τον τρόπο, θα χρειαστούν συνολικά 3 ώρες για να φορτιστούν πλήρως και τα τρία τηλέφωνα χρησιμοποιώντας τους δύο φορτιστές.

Αυτός είναι ο συντομότερος δυνατός χρόνος, επειδή χρησιμοποιούμε δύο φορτιστές ταυτόχρονα και βελτιστοποιούμε τον χρόνο φόρτισης για κάθε τηλέφωνο. Αν φορτίζαμε και τα τρία τηλέφωνα για 2 ώρες χρησιμοποιώντας έναν φορτιστή, θα χρειαζόμασταν συνολικά 6 ώρες για να φορτίσουμε πλήρως και τα τρία τηλέφωνα. Επομένως, η λύση της φόρτισης ενός τηλεφώνου για 1 ώρα και στη συνέχεια της εναλλαγής στον άλλο φορτιστή ενώ φορτίζονται τα άλλα δύο τηλέφωνα για 2 ώρες είναι η πιο αποτελεσματική προσέγγιση, η οποία είναι το πλεονέκτημα της χρήσης υπολογιστικής σκέψης.",3,4,6,2,0
"Όταν γράφετε ένα πρόγραμμα διαδικτυακών αγορών, πρέπει να επιλέξετε τη σωστή σειρά των εργασιών που θα εκτελέσει:","Το μοντέλο υπολογιστικής σκέψης περιλαμβάνει τον διαχωρισμό ενός προβλήματος σε μικρότερα, πιο διαχειρίσιμα μέρη και το σχεδιασμό λύσεων που χρησιμοποιούν αλγόριθμους και δομές δεδομένων. Εφαρμόζοντας αυτό το μοντέλο στη διαδικασία σύνταξης ενός προγράμματος διαδικτυακών αγορών, μπορεί να παρασχεθεί η ακόλουθη λογική για τη σειρά τα καθήκοντα:

Βήμα 1 - Αναζήτηση αντικειμένου: Το πρώτο βήμα σε οποιοδήποτε πρόγραμμα διαδικτυακών αγορών είναι να επιτρέψετε στον χρήστη να αναζητήσει αντικείμενα που θέλει να αγοράσει. Αυτό περιλαμβάνει την παροχή ενός πλαισίου αναζήτησης ή μιας λίστας κατηγοριών προς περιήγηση και, στη συνέχεια, τη χρήση αλγορίθμων για αναζήτηση σε μια βάση δεδομένων προϊόντων για την εύρεση αυτών που ταιριάζουν με τα κριτήρια αναζήτησης του χρήστη.

Βήμα 2 - Προσθήκη του προϊόντος στο καλάθι αγορών: Μόλις ο χρήστης βρει ένα προϊόν που θέλει να αγοράσει, το επόμενο βήμα είναι να το προσθέσει στο καλάθι αγορών. Αυτό περιλαμβάνει τη δημιουργία μιας δομής δεδομένων που μπορεί να αποθηκεύσει τις λεπτομέρειες του αντικειμένου, όπως το όνομα, την τιμή και την ποσότητα του, και στη συνέχεια να το προσθέσει στο καλάθι του χρήστη. Το καλάθι αγορών μπορεί επίσης να παρακολουθεί το συνολικό κόστος του χρήστη και να το εμφανίζει. Δεν μπορείτε να προσθέσετε το προϊόν στο καλάθι χωρίς να γνωρίζετε εάν το προϊόν βρίσκεται στη βάση δεδομένων (βήμα 1).

Βήμα 3 - Εισαγάγετε τη διεύθυνση παράδοσης: Αφού ο χρήστης προσθέσει όλα τα προϊόντα που θέλει να αγοράσει στο καλάθι αγορών του, το επόμενο βήμα είναι να εισαγάγετε τη διεύθυνση παράδοσης. Αυτό περιλαμβάνει την παροχή μιας φόρμας όπου ο χρήστης μπορεί να εισαγάγει το όνομά του, τη διεύθυνση, τον αριθμό τηλεφώνου του και άλλα σχετικά στοιχεία. Αυτές οι πληροφορίες μπορούν να αποθηκευτούν σε μια βάση δεδομένων ή να σταλούν σε μια υπηρεσία τρίτου μέρους για επαλήθευση. Είναι απαραίτητο να γνωρίζετε τον αριθμό και το μέγεθος / βάρος όλων των αντικειμένων που αγοράστηκαν (βήμα 2) για να αξιολογήσετε τη σωστή μορφή και την τιμή της παράδοσης.

Βήμα 4 - Πληρωμή για το αντικείμενο: Τέλος, μόλις ο χρήστης εισαγάγει τη διεύθυνση παράδοσης, το τελευταίο βήμα είναι να του επιτρέψετε να πληρώσει για το αντικείμενο. Αυτό περιλαμβάνει την ενσωμάτωση με μια πύλη πληρωμής, όπως το PayPal ή το Stripe, για την επεξεργασία της πληρωμής του χρήστη. Το πρόγραμμα θα πρέπει επίσης να παρέχει μια σελίδα επιβεβαίωσης που δείχνει στον χρήστη τα στοιχεία της παραγγελίας του, τη διεύθυνση παράδοσης και το συνολικό κόστος. Είναι απαραίτητο να γνωρίζετε όλα τα είδη που παραγγέλθηκαν και την απόσταση παράδοσης για να γνωρίζετε το Για να υπολογίσετε τη συνολική τιμή πρέπει να γνωρίζετε όλα τα επιλεγμένα είδη, τη φόρμα και την απόσταση παράδοσης (βήματα 1 - 3) πριν ζητήσετε πληρωμή.

Συνολικά, ακολουθώντας αυτή τη σειρά εργασιών στο πρόγραμμα διασφαλίζεται ότι ο χρήστης μπορεί να αναζητήσει, να επιλέξει και να αγοράσει τα στοιχεία που θέλει με ομαλό και λογικό τρόπο, παρέχοντας παράλληλα τις απαραίτητες δομές δεδομένων και αλγόριθμους για να λειτουργήσει αποτελεσματικά το πρόγραμμα.","Πληρώστε για το προϊόν, πληκτρολογήστε διεύθυνση παράδοσης, αναζητήστε το προϊόν, προσθέστε το προϊόν στο καλάθι","Προσθήκη προϊόντος στο καλάθι, πληρωμή προϊόντος, αναζήτηση προϊόντος, εισαγωγή διεύθυνσης παράδοσης","Πληκτρολογήστε τη διεύθυνση παράδοσης, προσθέστε το προϊόν στο καλάθι, πληρώστε για το προϊόν, αναζητήστε το προϊόν",Αναζήτηση για ένα στοιχείο; προσθέστε το προϊόν στο καλάθι αγορών; εισάγετε τη διεύθυνση παράδοσης; πληρώσει για το αντικείμενο,3
"Για να σχεδιάσετε ένα πράσινο τετράγωνο 150 πίξελ x 150 πίξελ, το πρόγραμμα πρέπει να ακολουθήσει τα ακόλουθα βήματα με τη σειρά που δίνεται:","Η λογική πίσω από τη δεδομένη ακολουθία βημάτων για να σχεδιάσετε ένα πράσινο τετράγωνο 150 πίξελ x 150 πίξελ βασίζεται στις αρχές της υπολογιστικής σκέψης.

Η υπολογιστική σκέψη είναι μια προσέγγιση επίλυσης προβλημάτων που περιλαμβάνει τον διαχωρισμό ενός σύνθετου προβλήματος σε μικρότερα, πιο διαχειρίσιμα μέρη και στη συνέχεια τη συστηματική ανάλυση και επίλυση κάθε μέρους. Περιλαμβάνει μια σειρά βημάτων, όπως η αποσύνθεση προβλήματος, η αναγνώριση προτύπων, η αφαίρεση, ο σχεδιασμός αλγορίθμων και η αξιολόγηση.

Σε αυτήν την περίπτωση, το πρόβλημα είναι να σχεδιάσετε ένα πράσινο τετράγωνο μεγέθους 150 πίξελ x 150 πίξελ. Για να λύσουμε αυτό το πρόβλημα χρησιμοποιώντας υπολογιστική σκέψη, μπορούμε να το αναλύσουμε σε μικρότερα βήματα και να σχεδιάσουμε έναν αλγόριθμο για να εκτελέσουμε αυτά τα βήματα με μια συγκεκριμένη σειρά.

Η δεδομένη ακολουθία βημάτων ακολουθεί την ακόλουθη λογική:

α) Μετάβαση στο σημείο εκκίνησης: Αυτό το βήμα διασφαλίζει ότι το πρόγραμμα αρχίζει να σχεδιάζει το τετράγωνο από την επιθυμητή θέση στον καμβά. Χωρίς αυτό το βήμα, το τετράγωνο μπορεί να σχεδιαστεί σε μη επιθυμητή θέση στον καμβά.

β) Ορίστε το χρώμα του στυλό σε πράσινο: Αυτό το βήμα ορίζει το χρώμα του στυλό σε πράσινο, το οποίο θα χρησιμοποιηθεί για τη σχεδίαση του τετραγώνου. Χωρίς αυτό το βήμα, το στυλό μπορεί να χρησιμοποιήσει διαφορετικό χρώμα, το οποίο δεν θα έχει ως αποτέλεσμα πράσινο τετράγωνο.

γ) Μετακίνηση 150 πίξελ: Αυτό το βήμα μετακινεί το στυλό 150 πίξελ σε ευθεία γραμμή, η οποία θα σχηματίσει τη μία πλευρά του τετραγώνου. Αυτό το βήμα επαναλαμβάνεται τρεις φορές συνολικά για να σχεδιάσετε και τις τέσσερις πλευρές του τετραγώνου.

δ) Περιστροφή δεξιόστροφα 90 μοίρες: Αυτό το βήμα περιστρέφει το στυλό 90 μοίρες δεξιόστροφα, κάτι που θα προσανατολίσει το στυλό ώστε να σχεδιάσει την επόμενη πλευρά του τετραγώνου σε ορθή γωνία με την προηγούμενη πλευρά. Χωρίς αυτό το βήμα, το στυλό θα σχεδίαζε την επόμενη πλευρά στην ίδια κατεύθυνση με την προηγούμενη πλευρά, με αποτέλεσμα ένα ορθογώνιο αντί για ένα τετράγωνο.

ε) Επαναλάβετε τα δύο παραπάνω βήματα 3 φορές: Αυτό το βήμα επαναλαμβάνει τα δύο προηγούμενα βήματα (μετακίνηση 150 πίξελ και περιστροφή 90 μοιρών) τρεις φορές για να σχεδιάσετε και τις τέσσερις πλευρές του τετραγώνου. Χωρίς αυτό το βήμα, το πρόγραμμα θα σχεδίαζε μόνο τη μία πλευρά του τετραγώνου, αφήνοντάς την ημιτελή.

Επομένως, η δεδομένη ακολουθία βημάτων είναι απαραίτητη για να σχεδιάσετε ένα πράσινο τετράγωνο μεγέθους 150 px x 150 px στην προβλεπόμενη θέση και τον προσανατολισμό.""","Μεταβείτε στην αρχική θέση, ρυθμίστε το χρώμα του στυλό σε πράσινο, μετακινηθείτε 150 πίξελ, περιστρέψτε δεξιόστροφα 90 μοίρες, επαναλάβετε τα δύο παραπάνω βήματα 3 φορές.",Μεταβείτε στην τοποθεσία εκκίνησης. στρίψτε δεξιά 90 μοίρες. Ορίστε το χρώμα του στυλό σε πράσινο. Μετακίνηση 150 πίξελ επαναλάβετε τα δύο παραπάνω βήματα 3 φορές.,Ορίστε το χρώμα του στυλό σε πράσινο. μετακίνηση 150 πίξελ περιστροφή δεξιόστροφα κατά 90 μοίρες. Πηγαίνετε στο σημείο εκκίνησης. Επαναλάβετε τα δύο παραπάνω βήματα 3 φορές.,Πηγαίνετε στο σημείο εκκίνησης. Ορίστε το χρώμα του στυλό σε πράσινο. Επαναλάβετε τα παραπάνω δύο βήματα 3 φορές: μετακίνηση 150 πίξελ περιστροφή δεξιά 90 μοίρες.,0
"Ποιο είναι το σφάλμα στο παρακάτω πρόγραμμα, το οποίο πρέπει να σχεδιάσει ένα τετράγωνο 100 πίξελ x 100 πίξελ μία φορά, ξεκινώντας από την επάνω αριστερή γωνία προς τα δεξιά: επαναλάβετε 4 φορές το μπλοκ σε παρένθεση [μετακίνηση 100 πίξελ], στρίψτε δεξιά 90 μοίρες.","Το σφάλμα στο πρόγραμμα είναι ότι θα σχεδιάσει τέσσερις φορές τις πλευρές του τετραγώνου, αλλά ως μια ευθεία γραμμή και δεν θα ολοκληρώσει το τετράγωνο συνδέοντας την τελευταία πλευρά με την πρώτη πλευρά. Αντίθετα, το πρόγραμμα θα καταλήξει να στρίβει το στυλό 90 μοίρες προς τα δεξιά αφού σχεδιάσετε την τέταρτη πλευρά, αλλά χωρίς να μετακινήσετε το στυλό στο σημείο εκκίνησης του τετραγώνου. Επομένως, το τελικό σχέδιο θα είναι ένα σχήμα ""Ι"" αντί για ένα τετράγωνο. Το σφάλμα οφείλεται στο το γεγονός ότι η εντολή περιστροφής 90 μοιρών δεξιόστροφα βρίσκεται εκτός του βρόχου.

Για να διορθώσετε το πρόγραμμα, η εντολή περιστροφής 90 μοιρών δεξιόστροφα θα πρέπει να βρίσκεται μέσα στον βρόχο, αυτό που οδηγεί το στυλό στο σημείο εκκίνησης του τετραγώνου. Συγκεκριμένα, το πρόγραμμα θα πρέπει να τροποποιηθεί για να ορίσετε το μπλοκ σε παρένθεση ως [μετακίνηση 100 εικονοστοιχείων, στρίψτε δεξιά 90 μοίρες] πριν επαναλάβετε ξανά το μπλοκ. Με αυτόν τον τρόπο, αφού σχεδιάσετε κάθε πλευρά του τετραγώνου, το στυλό στρίβει δεξιά και τελικά θα μετακινηθεί στο σημείο εκκίνησης του τετραγώνου και το σχέδιο θα είναι ένα πλήρες τετράγωνο. Το διορθωμένο πρόγραμμα θα είναι:

επαναλάβετε 4 φορές: [μετακίνηση 100 πίξελ, στρίψτε δεξιά 90 μοίρες]

Η διόρθωση του λάθους του προγράμματος είναι ένα παράδειγμα εφαρμογής αρχών υπολογιστικής σκέψης σε μια προγραμματιστική εργασία. Συγκεκριμένα, η διόρθωση περιλαμβάνει τη χρήση αλγοριθμικής σκέψης και αποσφαλμάτωσης για τον εντοπισμό και την επίλυση ενός λογικού σφάλματος στο πρόγραμμα.

Η διαδικασία αλγοριθμικής σκέψης περιλαμβάνει την κατανομή του προγράμματος σε μια ακολουθία βημάτων και την ανάλυση του τρόπου με τον οποίο αυτά τα βήματα θα παράγουν το επιθυμητό αποτέλεσμα. Κάνοντας αυτό, γίνεται σαφές ότι το αρχικό πρόγραμμα θα σχεδιάσει τέσσερις πλευρές ενός τετραγώνου ως ενιαία, ευθεία γραμμή και θα αποτύχει να ολοκληρώσει το τετράγωνο συνδέοντας την τελευταία πλευρά με την πρώτη πλευρά.

Η διαδικασία εντοπισμού σφαλμάτων περιλαμβάνει τον εντοπισμό του σφάλματος στη λογική του προγράμματος και στη συνέχεια την τροποποίηση του προγράμματος για τη διόρθωση του σφάλματος. Σε αυτήν την περίπτωση, το σφάλμα αναγνωρίζεται ως η τοποθέτηση της εντολής στροφής προς τα δεξιά 90 μοίρες έξω από τον βρόχο που δεν φέρνει το στυλό πίσω στο σημείο εκκίνησης του τετραγώνου. Το διορθωμένο πρόγραμμα στη συνέχεια τροποποιείται μετακινώντας την εντολή στροφής δεξιά 90 μοίρες μέσα στον βρόχο για να ολοκληρώσετε το τετράγωνο.

Συνολικά, αυτή η διόρθωση καταδεικνύει τη σημασία της αλγοριθμικής σκέψης και του εντοπισμού σφαλμάτων στις εργασίες προγραμματισμού. Εφαρμόζοντας αυτές τις αρχές υπολογιστικής σκέψης, οι προγραμματιστές μπορούν να εντοπίσουν και να λύσουν σφάλματα στα προγράμματά τους για να παράγουν το επιθυμητό αποτέλεσμα.",Επανάληψη του βρόχου 2 φορές.,"Το μπλόκ ""στρίψτε δεξιά"" πρέπει να είναι μέσα από τον βρόχο μετά το μπλόκ ""κινήσου"".","Το μπλόκ ""κίνηση"" πρέπει να είναι έξω από τον βρόχο.","Το μπλοκ ""στρίψτε δεξιά"" πρέπει να βρίσκεται μέσα στον βρόχο, πριν από το block ""κίνηση"".",1
"Πώς πρέπει ο ιππότης (μια φιγούρα σκακιού που μπορεί να μετακινήθει δύο πεδία οριζόντια και ένα κάθετα, ή δύο κάθετα και ένα οριζόντια) από το μεσαίο πεδίο της σανίδας 5x5 στην επάνω δεξιά γωνία του ταμπλό;","Για να φτάσει στην επάνω δεξιά γωνία σε μια σανίδα 5x5 ξεκινώντας από την κεντρική θέση του τετραγώνου, ο ιππότης πρέπει να κινηθεί με μια συγκεκριμένη σειρά κινήσεων. Οι βέλτιστες κινήσεις που πρέπει να γίνουν είναι:

1. Μετακινηθείτε 2 τετράγωνα προς τα κάτω και 1 τετράγωνο δεξιά.
2. Μετακινηθείτε 2 τετράγωνα αριστερά και 1 τετράγωνο επάνω.
3. Μετακινηθείτε 2 τετράγωνα προς τα πάνω και 1 τετράγωνο δεξιά.
4. Μετακινηθείτε 2 τετράγωνα δεξιά και 1 τετράγωνο προς τα πάνω.
Ή
1. Μετακινηθείτε 2 τετράγωνα προς τα πάνω και 1 τετράγωνο δεξιά.
2. Μετακινηθείτε 2 τετράγωνα προς τα κάτω και 1 τετράγωνο δεξιά.
3. Μετακινηθείτε 2 τετράγωνα αριστερά και 1 τετράγωνο επάνω.
4. Μετακινηθείτε 2 τετράγωνα δεξιά και 1 τετράγωνο προς τα πάνω.

Υπάρχουν μερικοί λόγοι για τους οποίους αυτές οι κινήσεις είναι η βέλτιστη λύση για να φτάσετε στην επάνω δεξιά γωνία από την κεντρική τετράγωνη θέση.

Πρώτον, η αρχική κίνηση με 2 τετράγωνα προς τα κάτω και 1 τετράγωνο δεξιά (ή 2 τετράγωνα προς τα πάνω και 1 τετράγωνο δεξιά) είναι η πιο αποτελεσματική κίνηση για να φτάσει ο ιππότης πιο κοντά στη γωνία. Μετακινεί τον ιππότη 2 τετράγωνα προς τη γωνία ενώ διατηρεί τη θέση του στον πίνακα.

Στη συνέχεια, η ακολουθία των κινήσεων που ακολουθούν έχει σχεδιαστεί για να φέρει τον ιππότη όσο το δυνατόν πιο κοντά στην επάνω δεξιά γωνία. Μετακινώντας 2 τετράγωνα αριστερά και 1 τετράγωνο προς τα πάνω, ο ιππότης κινείται πιο κοντά στην επάνω άκρη του πίνακα. Η επόμενη κίνηση 2 τετραγώνων προς τα πάνω και 1 τετραγώνου δεξιά φέρνει τον ιππότη πιο κοντά στη γωνία για άλλη μια φορά. Τέλος, η μετακίνηση 2 τετραγώνων δεξιά και 1 τετραγώνου επάνω οδηγεί τον ιππότη στην επάνω δεξιά γωνία.

Αυτή η ακολουθία κινήσεων διασφαλίζει ότι ο ιππότης κινείται πάντα προς τη γωνία ενώ παραμένει στο ταμπλό. Χρησιμοποιώντας αυτές τις βέλτιστες κινήσεις, ο ιππότης μπορεί να φτάσει στην επάνω δεξιά γωνία με τον συντομότερο δυνατό αριθμό κινήσεων από την κεντρική θέση του τετραγώνου.

Συνολικά, η βέλτιστη ακολουθία κινήσεων για να φτάσετε στην επάνω δεξιά γωνία σε μια σανίδα 5x5 ξεκινώντας από την κεντρική θέση του τετραγώνου περιλαμβάνει προσεκτικό σχεδιασμό και εξέταση των κανόνων κίνησης του ιππότη. Αναλύοντας τις πιθανές κινήσεις και αξιολογώντας την αποτελεσματικότητά τους, μπορούμε να προσδιορίσουμε τη βέλτιστη λύση στο πρόβλημα.

Αυτή η ακολουθία κινήσεων διασφαλίζει ότι ο ιππότης κινείται πάντα προς τη γωνία ενώ παραμένει στο ταμπλό. Χρησιμοποιώντας αυτές τις βέλτιστες κινήσεις, ο ιππότης μπορεί να φτάσει στην επάνω δεξιά γωνία με τον συντομότερο δυνατό αριθμό κινήσεων από την κεντρική θέση του τετραγώνου.

Συνολικά, η βέλτιστη ακολουθία κινήσεων για να φτάσετε στην επάνω δεξιά γωνία σε μια σανίδα 5x5 ξεκινώντας από την κεντρική θέση του τετραγώνου περιλαμβάνει προσεκτικό σχεδιασμό και εξέταση των κανόνων κίνησης του ιππότη. Αναλύοντας τις πιθανές κινήσεις και αξιολογώντας την αποτελεσματικότητά τους, μπορούμε να προσδιορίσουμε τη βέλτιστη λύση στο πρόβλημα.

Από την άποψη της υπολογιστικής σκέψης, η εύρεση της βέλτιστης ακολουθίας κινήσεων για έναν ιππότη για να φτάσει στην επάνω δεξιά γωνία μιας σανίδας 5x5 ξεκινώντας από την κεντρική θέση του τετραγώνου περιλαμβάνει πολλές σημαντικές έννοιες υπολογιστικής σκέψης:

     Αποσύνθεση: Για να λύσουμε το πρόβλημα, πρέπει να το αποσυνθέσουμε σε μικρότερα υποπροβλήματα. Συγκεκριμένα, πρέπει να προσδιορίσουμε τις πιθανές κινήσεις που μπορεί να κάνει ένας ιππότης και να αξιολογήσουμε την αποτελεσματικότητα κάθε κίνησης όσον αφορά το να φτάσει ο ιππότης πιο κοντά στην τοποθεσία στόχο.

     Αναγνώριση προτύπων: Μπορούμε να εφαρμόσουμε δεξιότητες αναγνώρισης μοτίβων για να προσδιορίσουμε τις κινήσεις που είναι πιο αποτελεσματικές για να φτάσει ο ιππότης στην επάνω δεξιά γωνία. Συγκεκριμένα, μπορούμε να αναγνωρίσουμε ότι οι κινήσεις που περιλαμβάνουν μετακίνηση 2 τετράγωνα προς τα κάτω και 1 τετράγωνο δεξιά ή 2 τετράγωνα προς τα πάνω και 1 τετράγωνο δεξιά είναι οι πιο αποτελεσματικές επειδή μετακινούν τον ιππότη προς τη θέση στόχο διατηρώντας ταυτόχρονα τη θέση του ιππότη στον πίνακα.

     Αφαίρεση: Μπορούμε να αφαιρέσουμε το πρόβλημα αντιμετωπίζοντας τη σκακιέρα ως ένα πλέγμα κελιών 5x5 και τις κινήσεις του ιππότη ως ένα σύνολο κανόνων που υπαγορεύουν πώς ο ιππότης μπορεί να κινηθεί μεταξύ των κελιών. Αυτή η αφαίρεση μας επιτρέπει να απλοποιήσουμε το πρόβλημα και να εστιάσουμε στα βασικά στοιχεία που είναι απαραίτητα για την επίλυσή του.

     Αλγοριθμική σκέψη: Για να βρούμε τη βέλτιστη ακολουθία κινήσεων για να φτάσει ο ιππότης στην επάνω δεξιά γωνία, πρέπει να αναπτύξουμε μια συστηματική και επαναλαμβανόμενη προσέγγιση. Συγκεκριμένα, πρέπει να αξιολογήσουμε καθεμία από τις οκτώ πιθανές κινήσεις που μπορεί να κάνει ο ιππότης και να επιλέξουμε τις κινήσεις που μετακινούν τον ιππότη προς τη θέση-στόχο, ενώ παράλληλα θα κρατάμε τον ιππότη στο ταμπλό.

     Αξιολόγηση: Τέλος, πρέπει να εφαρμόσουμε δεξιότητες λογικής συλλογιστικής για να αξιολογήσουμε την αποτελεσματικότητα κάθε κίνησης και να επιλέξουμε τις καλύτερες κινήσεις για να κάνει ο ιππότης. Αυτό περιλαμβάνει την κατανόηση των κανόνων για το πώς ο ιππότης μπορεί να κινηθεί στον πίνακα, τον προσδιορισμό του στόχου του προβλήματος και τη χρήση της αξιολόγησης για τον προσδιορισμό της βέλτιστης λύσης.

Συνολικά, το πρόβλημα της εύρεσης της βέλτιστης ακολουθίας κινήσεων για έναν ιππότη για να φτάσει στην επάνω δεξιά γωνία μιας σανίδας 5x5 ξεκινώντας από την κεντρική θέση του τετραγώνου περιλαμβάνει την εφαρμογή πολλών βασικών εννοιών και δεξιοτήτων υπολογιστικής σκέψης, όπως η αποσύνθεση, η αναγνώριση προτύπων, η αφαίρεση, η αλγοριθμική σκέψη. και αξιολόγηση. Εφαρμόζοντας αυτές τις δεξιότητες, μπορούμε να προσδιορίσουμε την πιο αποτελεσματική ακολουθία κινήσεων για τον ιππότη να φτάσει στον προορισμό του.","Μετακινήστε 2 τετράγωνα πάνω και 1 τετράγωνο δεξιά, 2 κάτω 1 δεξιά, 2 αριστερά 1 επάνω, 2 δεξιά, 1 επάνω.","Μετακινήστε: 2 τετράγωνα κάτω και 1 τετράγωνο δεξιά, 2 αριστερά 1 επάνω, 2 επάνω 1 δεξιά, 2 δεξιά 1 επάνω.",Και τα δύο παραπάνω βήματα είναι σωστά.,Καμία από τις παραπάνω λύσεις δεν είναι σωστή.,2
Η σκακιστική φιγούρα - ο ιππότης βρίσκεται στο μεσαίο πεδίο 5x5. Ο ιππότης μπορεί να μετακινήσει δύο πεδία οριζόντια και ένα κάθετα ή δύο κάθετα και ένα οριζόντια. Ποιος είναι ο μικρότερος αριθμός κινήσεων για να φτάσετε σε μία από τις γωνίες;,"Για να βρούμε τον μικρότερο αριθμό κινήσεων για έναν ιππότη για να φτάσει σε μια από τις γωνίες μιας σκακιέρας 5x5 από το μεσαίο πεδίο, μπορούμε να χρησιμοποιήσουμε έναν αλγόριθμο αναζήτησης όπως η αναζήτηση κατά πλάτος ή ο αλγόριθμος του Dijkstra. Ωστόσο, επειδή ο χώρος αναζήτησης είναι σχετικά μικρός, μπορούμε επίσης να λύσουμε αυτό το πρόβλημα χειροκίνητα αναλύοντας τις πιθανές κινήσεις.

Πρώτον, μπορούμε να παρατηρήσουμε ότι υπάρχουν μόνο τέσσερις πιθανές κινήσεις που μπορεί να κάνει ο ιππότης από το κεντρικό τετράγωνο:

1. Μετακινήστε 2 τετράγωνα προς τα κάτω και 1 τετράγωνο δεξιά
2. Μετακινήστε 2 τετράγωνα προς τα κάτω και 1 τετράγωνο αριστερά
3. Μετακινήστε 2 τετράγωνα προς τα πάνω και 1 τετράγωνο δεξιά
4. Μετακινήστε 2 τετράγωνα προς τα πάνω και 1 τετράγωνο αριστερά

Κάνοντας οποιαδήποτε από αυτές τις τέσσερις κινήσεις, ο ιππότης θα τοποθετηθεί στην ίδια διαγώνιο με μια από τις γωνίες του ταμπλό. Επομένως, ο ελάχιστος αριθμός κινήσεων που απαιτείται για να φτάσει ο ιππότης σε μία από τις γωνίες είναι τρεις. Αυτό συμβαίνει επειδή ο ιππότης μπορεί να μετακινηθεί σε ένα τετράγωνο στη διαγώνιο και στη συνέχεια να κάνει μια ακόμη κίνηση για να φτάσει στη γωνία.

Για παράδειγμα, ας υποθέσουμε ότι ο ιππότης ξεκινά από την κεντρική πλατεία και θέλει να φτάσει στην επάνω δεξιά γωνία. Η βέλτιστη ακολουθία κινήσεων θα ήταν:

1. Μετακινήστε 2 τετράγωνα προς τα κάτω και 1 τετράγωνο δεξιά.
2. Μετακινήστε 2 τετράγωνα αριστερά και 1 τετράγωνο επάνω.
3. Μετακινήστε 2 τετράγωνα προς τα πάνω και 1 τετράγωνο δεξιά.
4. Μετακινήστε 2 τετράγωνα δεξιά και 1 τετράγωνο προς τα πάνω.

Συνολικά, αυτή η ακολουθία κινήσεων οδηγεί τον ιππότη στην επάνω δεξιά γωνία του ταμπλό σε μόλις τέσσερις κινήσεις, που είναι ο ελάχιστος αριθμός κινήσεων που απαιτείται.

Από την άποψη της υπολογιστικής σκέψης, η επίλυση του προβλήματος της εύρεσης του ελάχιστου αριθμού κινήσεων για έναν ιππότη για να φτάσει σε μια από τις γωνίες μιας σκακιέρας 5x5 ξεκινώντας από το κεντρικό τετράγωνο μπορεί να αναλυθεί σε μια σειρά βημάτων:

1. Καθορίστε το πρόβλημα: Το πρόβλημα είναι να βρείτε το συντομότερο μονοπάτι που μπορεί να ακολουθήσει ένας ιππότης για να φτάσει σε μια από τις γωνίες μιας σκακιέρας 5x5 ξεκινώντας από το κεντρικό τετράγωνο, δεδομένου ότι ο ιππότης πρέπει να κινείται σε σχήμα L.

2. Αναλύστε το πρόβλημα: Το πρώτο βήμα για την ανάλυση του προβλήματος είναι να κατανοήσετε τους περιορισμούς. Σε αυτή την περίπτωση, ο ιππότης πρέπει να κινείται σε σχήμα L, που σημαίνει ότι μπορεί να κινήσει δύο τετράγωνα προς μία κατεύθυνση και μετά ένα τετράγωνο σε κάθετη κατεύθυνση. Η σκακιέρα είναι ένα πλέγμα 5x5, που σημαίνει ότι υπάρχουν 25 τετράγωνα. Η αρχική θέση είναι το κεντρικό τετράγωνο, το οποίο βρίσκεται στη διασταύρωση της τρίτης σειράς και της τρίτης στήλης.

3. Σχεδιάστε μια λύση: Για να σχεδιάσουμε μια λύση, μπορούμε να χρησιμοποιήσουμε έναν αλγόριθμο αναζήτησης για να εξερευνήσουμε όλα τα πιθανά μονοπάτια που μπορεί να ακολουθήσει ο ιππότης για να φτάσει σε μια από τις γωνίες της σκακιέρας. Ένας κοινός αλγόριθμος αναζήτησης που χρησιμοποιείται για προβλήματα όπως αυτό ονομάζεται αναζήτηση κατά πλάτος (BFS). Το BFS ξεκινά από την αρχική θέση και εξερευνά όλες τις πιθανές κινήσεις από αυτή τη θέση. Στη συνέχεια, μετακινείται στο επόμενο επίπεδο του δέντρου αναζήτησης και εξερευνά όλες τις πιθανές κινήσεις από αυτές τις θέσεις. Αυτή η διαδικασία συνεχίζεται μέχρι να βρεθεί η λύση.

4. Εφαρμογή της λύσης: Η υλοποίηση της λύσης περιλαμβάνει τη σύνταξη κώδικα για την εκτέλεση μιας αναζήτησης BFS στη σκακιέρα. Ο αλγόριθμος θα πρέπει να παρακολουθεί τη συντομότερη διαδρομή που έχει βρεθεί μέχρι στιγμής και να σταματήσει την αναζήτηση όταν βρεθεί μια διαδρομή προς μια από τις γωνίες.

5. Δοκιμάστε τη λύση: Για να δοκιμάσουμε τη λύση, μπορούμε να εκτελέσουμε τον κώδικα σε διαφορετικές δοκιμαστικές περιπτώσεις, όπως να ξεκινήσουμε από διαφορετικές θέσεις στη σκακιέρα ή να αλλάξουμε το μέγεθος της σκακιέρας. Θα πρέπει επίσης να δοκιμάσουμε τη λύση σε ακμές, όπως όταν η αρχική θέση βρίσκεται ήδη σε μια γωνία της σκακιέρας.

Από αυτή την άποψη, είναι σαφές ότι ο ελάχιστος αριθμός κινήσεων που απαιτείται για να φτάσει ο ιππότης σε μία από τις γωνίες της σκακιέρας 5x5 ξεκινώντας από το κεντρικό τετράγωνο είναι 4. Αυτό μπορεί να αποδειχθεί αναλύοντας όλες τις πιθανές κινήσεις που μπορεί να κάνει ο ιππότης και βρίσκοντας το συντομότερο μονοπάτι σε μια γωνία».",4,3,5,αδύνατο - άπειρος αριθμός ,0
"Για να ετοιμάσετε μια καλή συνταγή για κέικ, ακολουθήστε τα βήματα με τη σειρά που δίνονται:","Από την άποψη της υπολογιστικής σκέψης, η τήρηση των βημάτων με τη σειρά που δίνονται κατά την προετοιμασία μιας συνταγής κέικ είναι απαραίτητη για τη διασφάλιση ενός καλού αποτελέσματος. Να γιατί:

1. Αποσύνθεση: Το πρώτο βήμα για την προετοιμασία μιας συνταγής για κέικ είναι να χωρίσετε την εργασία σε μικρότερες δευτερεύουσες εργασίες. Αυτό περιλαμβάνει την απαρίθμηση όλων των συστατικών, την περιγραφή του τρόπου συνδυασμού τους για κάθε συστατικό, την εξήγηση πιθανών τροποποιήσεων στη συνταγή και την περιγραφή όλων των βημάτων που απαιτούνται για την παρασκευή του κέικ. Αυτή η αποσύνθεση μας επιτρέπει να κατανοήσουμε καλύτερα το πρόβλημα και να εστιάσουμε σε κάθε μεμονωμένη εργασία.

2. Αναγνώριση προτύπων: Αφού αποσυνθέσουμε την εργασία, μπορούμε να αναγνωρίσουμε μοτίβα στη συνταγή. Για παράδειγμα, μπορεί να παρατηρήσουμε ότι η συνταγή ξεκινά με την απαρίθμηση των συστατικών, μετά προχωράμε στην περιγραφή του τρόπου συνδυασμού τους, ακολουθούμενες από πιθανές τροποποιήσεις στη συνταγή και, τέλος, τα βήματα που απαιτούνται για την παρασκευή του κέικ. Η αναγνώριση αυτών των μοτίβων μας βοηθά να κατανοήσουμε τη ροή της συνταγής και τις εξαρτήσεις μεταξύ των διαφορετικών βημάτων.

3. Αφαίρεση: Αφού εντοπίσουμε τα μοτίβα στη συνταγή, μπορούμε να αφαιρέσουμε τις λεπτομέρειες κάθε βήματος και να εστιάσουμε στις έννοιες υψηλού επιπέδου. Αυτό σημαίνει ότι μπορούμε να σκεφτούμε τη συνταγή από την άποψη της συνολικής διαδικασίας αντί να κολλάμε σε μεμονωμένα συστατικά ή μετρήσεις.

4. Σχεδίαση αλγορίθμου: Έχοντας υπόψη τις έννοιες υψηλού επιπέδου, μπορούμε να σχεδιάσουμε έναν αλγόριθμο για την προετοιμασία της συνταγής του κέικ. Αυτός ο αλγόριθμος θα πρέπει να ακολουθεί τα βήματα με τη σειρά που δίνεται, ξεκινώντας με την απαρίθμηση των συστατικών, μετά περιγράφοντας τον τρόπο συνδυασμού τους για κάθε συστατικό, επεξηγώντας τις πιθανές τροποποιήσεις στη συνταγή και, τέλος, περιγράφοντας όλα τα βήματα που απαιτούνται για την παρασκευή του κέικ. Ακολουθώντας τα βήματα με τη σειρά διασφαλίζετε ότι δεν θα χάσουμε κανένα σημαντικό βήμα και ότι το κέικ θα βγει όπως αναμενόταν.

5. Δοκιμή: Τέλος, μπορούμε να δοκιμάσουμε τη συνταγή ακολουθώντας τον αλγόριθμο που έχουμε σχεδιάσει και κάνοντας τροποποιήσεις όπως απαιτείται. Η δοκιμή μας βοηθά να εντοπίσουμε τυχόν σφάλματα στη συνταγή και να βελτιώσουμε τον αλγόριθμο για μελλοντική χρήση.

Γενικά, είναι σημαντικό να ακολουθήσετε τα βήματα με τη σειρά κατά την προετοιμασία μιας συνταγής για κέικ, διότι διασφαλίζει ότι περιλαμβάνονται όλα τα απαραίτητα συστατικά και ότι η συνταγή εκτελείται σωστά. Αναλύοντας τη συνταγή σε μικρότερες δευτερεύουσες εργασίες, αναγνωρίζοντας μοτίβα, αφαιρώντας λεπτομέρειες, σχεδιάζοντας έναν αλγόριθμο και δοκιμάζοντας τη συνταγή, μπορούμε να διασφαλίσουμε ότι το κέικ θα βγαίνει νόστιμο κάθε φορά.","Περιγράψτε όλα τα βήματα που απαιτούνται για την παρασκευή του κέικ, περιγράψτε πώς να συλλέξετε τα υλικά για κάθε βήμα, απαριθμήστε όλα τα συστατικά, εξηγήστε πιθανές τροποποιήσεις στη συνταγή.","Απαριθμήστε όλα τα συστατικά, εξηγήστε πιθανές τροποποιήσεις της απόδειξης, περιγράψτε όλα τα βήματα που απαιτούνται για να φτιάξετε ένα κέικ, περιγράψτε πώς πρέπει να συναρμολογούνται τα συστατικά για κάθε","Απαριθμήστε όλα τα υλικά, περιγράψτε όλα τα βήματα που χρειάζονται για να φτιάξετε τη ζύμη, περιγράψτε πώς πρέπει να συνδυάζονται τα υλικά για κάθε συστατικό, εξηγήστε πιθανές τροποποιήσεις στη συνταγή.","Απαριθμήστε όλα τα υλικά, περιγράψτε πώς πρέπει να συνδυαστούν για κάθε συστατικό, εξηγήστε πιθανές τροποποιήσεις στη συνταγή, περιγράψτε όλα τα βήματα που χρειάζονται για να φτιάξετε το κέικ.",3
"Για να δείτε ένα αντικείμενο σε μια στερεογραφική εικόνα (για να δείτε ένα δισδιάστατο γραφικό σε τρεις διαστάσεις, όπως φαίνεται από μια προοπτική), πρέπει να κάνετε τα εξής με τη σειρά που δίνεται:","Η στερεοσκοπική όραση είναι η ικανότητα των ματιών μας να βλέπουν το ίδιο αντικείμενο από ελαφρώς διαφορετικές προοπτικές, λόγω των ελαφρώς διαφορετικών θέσεων τους στο πρόσωπό μας. Ο εγκέφαλός μας συνδυάζει στη συνέχεια αυτές τις δύο εικόνες για να δημιουργήσει μια τρισδιάστατη αντίληψη του αντικειμένου.

Μια στερεογραφική εικόνα εκμεταλλεύεται αυτό το φυσικό φαινόμενο παρουσιάζοντας δύο ελαφρώς διαφορετικές εικόνες δίπλα δίπλα. Όταν τον δούμε σωστά, ο εγκέφαλός μας συνδυάζει αυτές τις δύο εικόνες για να δημιουργήσει την ψευδαίσθηση μιας τρισδιάστατης εικόνας.

Τα βήματα που αναφέρονται στην ερώτηση είναι μια μέθοδος εκπαίδευσης για τα μάτια και τον εγκέφαλό μας να δουν την τρισδιάστατη εικόνα σε στερεόγραμμα.

Από τη σκοπιά της υπολογιστικής σκέψης, μπορούμε να σκεφτούμε αυτά τα βήματα ως μια διαδικασία εκπαίδευσης του συστήματος οπτικής μας αντίληψης για την επεξεργασία μιας στερεογραφικής εικόνας. Αυτή η διαδικασία περιλαμβάνει μια σειρά βημάτων που μας επιτρέπουν να ξεπεράσουμε τις φυσικές γνωστικές προκαταλήψεις και να προσαρμόσουμε το οπτικό μας σύστημα αντίληψης για να δημιουργήσουμε την ψευδαίσθηση μιας τρισδιάστατης εικόνας.

Μια προσέγγιση υπολογιστικής σκέψης περιλαμβάνει την κατανομή ενός προβλήματος σε μια σειρά από μικρότερα βήματα και αλγόριθμους που μπορούν να εκτελεστούν με λογική σειρά. Στην περίπτωση προβολής ενός στερεογράμματος, τα βήματα που αναφέρονται στην ερώτηση μας βοηθούν να εκπαιδεύσουμε το σύστημα οπτικής μας αντίληψης.

Το πρώτο βήμα, η χαλάρωση των ματιών, μπορεί να θεωρηθεί ως αποσύνθεση, ξεπερνώντας τη φυσική τάση να εστιάσουμε σε ένα σημείο. Χαλαρώνοντας τα μάτια, μπορούμε να δούμε εικόνες σε ένα στερεόγραμμα που δεν βλέπαμε πριν, χωρίς να εστιάσουμε σε καμία από αυτές.

Το δεύτερο βήμα, κοιτάζοντας πέρα από την εικόνα, μπορεί να θεωρηθεί ως υπέρβαση της φυσικής γνωστικής τάσης να εστιάζουμε σε αντικείμενα στο οπτικό μας πεδίο. Κοιτώντας πέρα από την εικόνα, είμαστε σε θέση να συμπεριλάβουμε και τις δύο εικόνες σε ένα στερεόγραμμα χωρίς να εστιάσουμε σε καμία από αυτές. Όταν κοιτάζουμε πέρα από την εικόνα, συνήθως αντιλαμβανόμαστε την εικόνα που κρύβεται στο στερεόγραμμα, η οποία μπορεί να αναφέρεται ως αναγνώριση προτύπων.

Το τρίτο βήμα, η απομάκρυνση του στερεογράμματος/κεφαλιού, μπορεί να θεωρηθεί ως προσαρμογή του συστήματος οπτικής μας αντίληψης στις δύο εικόνες στο στερεόγραμμα. Μετακινώντας το στερεόγραμμα/κεφάλι μακριά, είμαστε σε θέση να προσαρμόσουμε την οπτική μας προοπτική έτσι ώστε οι δύο εικόνες να είναι σωστά ευθυγραμμισμένες. Βλέποντας τη πρόσφατα αναγνωρισμένη χωρική εικόνα, αντιλαμβανόμαστε το τρισδιάστατο υπόβαθρό της και την αφηρημένη - καταλαβαίνουμε τη γενική αρχή και τη διαδικασία της στερεοσκοπικής όρασης.

Το τέταρτο βήμα, μεγέθυνση και σμίκρυνση του στερεογράμματος, μπορεί να θεωρηθεί ως βελτίωση του αλγορίθμου για την ευθυγράμμιση των δύο εικόνων για την αντίληψη του βάθους. Μεγέθυνση ή σμίκρυνση από το στερεόγραμμα, είμαστε σε θέση να προσαρμόσουμε την απόσταση μεταξύ των ματιών μας και της εικόνας, η οποία επηρεάζει το αντιληπτό βάθος.

Συνολικά, τα βήματα που αναφέρονται στην ερώτηση μπορούν να θεωρηθούν ως αλγόριθμος για την εκπαίδευση του συστήματος οπτικής μας αντίληψης για την επεξεργασία μιας στερεογραφικής εικόνας. Ακολουθώντας αυτά τα βήματα, είμαστε σε θέση να ξεπεράσουμε τις φυσικές γνωστικές προκαταλήψεις και να προσαρμόσουμε το σύστημα οπτικής μας αντίληψης για να δημιουργήσουμε την ψευδαίσθηση μιας τρισδιάστατης εικόνας.",Χαλαρώστε τα μάτια σας; κοίτα πέρα από αυτό; σηκώστε το στερεόγραμμα/κεφαλή; να απομακρύνεσαι όλο και πιο κοντά του,Σηκώστε το στερεόγραμμα/κεφαλή; κοίτα πέρα από αυτό; να κινείστε όλο και πιο μακριά από αυτό. χαλαρώστε τα μάτια σας.,Μετακινήστε το κεφάλι πιο κοντά και πιο μακριά από το στερεόγραμμα. χαλαρώστε τα μάτια; σηκώστε το στερεόγραμμα/κεφαλή; κοιτάξτε πέρα από αυτό,Χαλαρώστε τα μάτια; σηκώστε το στερεόγραμμα/κεφαλή. Κοίτα πέρα από αυτό; Πλησιάστε και απομακρυνθείτε.,0
"Η Isla παίζει Mastermind στον υπολογιστή της: Ο υπολογιστής δημιουργεί έναν κωδικό πρόσβασης από τέσσερα διαφορετικά ψηφία. Ο παίκτης μπορεί να υποβάλει πολλές εικασίες για αυτόν τον κωδικό πρόσβασης. Κάθε φορά, ο υπολογιστής απαντά με τον αριθμό των σωστών ψηφίων, τα οποία εμφανίζονται τόσο στην εικασία όσο και στον κωδικό πρόσβασης. Επίσης, λέει στον παίκτη εάν τοποθέτησε αυτά τα ψηφία στις σωστές θέσεις. Η Isla έκανε κάποιες εικασίες (;). Από τις απαντήσεις που δόθηκαν, μπόρεσε να ανακαλύψει τον κωδικό πρόσβασης.
? ? ? ?
5 7 2 0 Ένα από τα ψηφία είναι σωστό και στη σωστή θέση.
6 0 3 1 Ένα από τα ψηφία είναι σωστό, αλλά όχι στη σωστή θέση.
1 4 8 5 Τα δύο ψηφία είναι σωστά, αλλά δεν βρίσκονται στις σωστές θέσεις.
1 5 9 6 Κανένα από τα ψηφία δεν είναι σωστό.
8 1 2 5 Ένα από τα ψηφία είναι σωστό, αλλά όχι στη σωστή θέση.
Ερώτηση: Ποιος είναι ο κωδικός;","Για να φτάσουμε σε αυτόν τον αριθμό πρέπει να ακολουθήσουμε συστηματικά μια διαδικασία σύμφωνα με τις διαθέσιμες πληροφορίες. Αυτή η διαδικασία πρέπει να είναι επαναληπτική. Ένας από τους τρόπους επίλυσής της είναι να υποδιαιρέσουμε το πρόβλημα και πρώτα να προσπαθήσουμε να ανακαλύψουμε τα ψηφία και μετά τη σωστή σειρά.

Όσον αφορά την υπολογιστική σκέψη σημαίνει ότι πρέπει να περάσουμε 4 βήματα:

Βήμα 1: Αποσύνθεση
Για να λύσουμε το πρόβλημα, πρέπει να το χωρίσουμε σε μικρότερα μέρη. Πρέπει να αναλύσουμε κάθε εικασία και την απόκρισή της για να περιορίσουμε τις πιθανές τιμές για κάθε ψηφίο του κωδικού πρόσβασης.

Βήμα 2: Αναγνώριση προτύπων
Πρέπει να αναζητήσουμε μοτίβα στις εικασίες και τις απαντήσεις. Για παράδειγμα, στην πρώτη εικασία, ένα ψηφίο βρίσκεται στη σωστή θέση, πράγμα που σημαίνει ότι το αντίστοιχο ψηφίο στον κωδικό πρόσβασης πρέπει να είναι ένα από τα ψηφία της εικασίας. Γνωρίζουμε επίσης ότι ο κωδικός πρόσβασης αποτελείται από τέσσερα διακριτά ψηφία.

Βήμα 3: Αφαίρεση
Πρέπει να αφαιρέσουμε τις πληροφορίες που έχουμε συγκεντρώσει και να παρακολουθούμε τις πιθανές τιμές για κάθε ψηφίο του κωδικού πρόσβασης με βάση τις απαντήσεις που δίνονται.

Ας αφαιρέσουμε την ιδέα της λύσης. Τα γενικά βήματα της αφαίρεσης μπορούν να σημειωθούν ως εξής:
- Το πρόβλημα μπορεί να αφαιρεθεί ως παιχνίδι εικασίας με περιορισμένη ανατροφοδότηση.
- Ο στόχος είναι να χρησιμοποιήσετε την ανατροφοδότηση για να εξαλείψετε λανθασμένες πιθανότητες και να περιορίσετε σταδιακά τον χώρο αναζήτησης.
- Το πρόβλημα περιλαμβάνει την εύρεση ενός συνδυασμού τεσσάρων διακριτών ψηφίων που ικανοποιούν ορισμένες προϋποθέσεις.
- Πρέπει να δημιουργήσουμε έναν πίνακα για να παρακολουθούμε τις πιθανές τιμές για κάθε ψηφίο του κωδικού πρόσβασης με βάση τις απαντήσεις που δίνει ο υπολογιστής.
- Το τελευταίο βήμα είναι επαναληπτικό: πρέπει να συγκρίνουμε πληροφορίες σε κάθε σειρά βρίσκοντας έναν συνδυασμό τεσσάρων διακριτών ψηφίων που ικανοποιούν ορισμένες προϋποθέσεις.

Βήμα 4: Σχεδίαση αλγορίθμου
Με βάση τις πληροφορίες του πίνακα, μπορούμε να περιορίσουμε τις πιθανές τιμές για κάθε ψηφίο του κωδικού πρόσβασης. Μπορούμε να ξεκινήσουμε κοιτάζοντας τα ψηφία που εμφανίζονται σε πολλές εικασίες και να προσπαθήσουμε να συμπεράνουμε τη θέση τους στον κωδικό πρόσβασης σε μερικές επαναλήψεις.

Αναλυτικά βήματα του αλγορίθμου στην εργασία είναι:

Από την πρώτη σειρά (μάντεψε συν απάντηση) γνωρίζουμε ότι μόνο ένα από τα ψηφία που δίνονται είναι μέρος του κωδικού πρόσβασης. Η δεύτερη και η τρίτη σειρά παρέχουν παρόμοιες πληροφορίες.

Στη συνέχεια, η τέταρτη σειρά βοηθά στην εξαγωγή περισσότερων πληροφοριών από τις σειρές 1 έως 3: Μπορούμε να απορρίψουμε 5 από την πρώτη εικασία, 6 από τη δεύτερη εικασία και 1 και 5 από την τρίτη εικασία. Από αυτό το τελευταίο βήμα γνωρίζουμε ότι τα 4 και 8 είναι μέρη του κωδικού πρόσβασης. Τότε το σωστό ψηφίο στην πέμπτη εικασία είναι 8. Από αυτό μπορούμε να συμπεράνουμε από τη σειρά πέντε ότι το 1, το 2 και το 5 δεν αποτελούν μέρη του κωδικού πρόσβασης.

Αν επιστρέψουμε στις σειρές ένα και δύο, οι πιθανώς σωστοί αριθμοί είναι 7 ή 0 στην πρώτη σειρά και 3 ή 0 στη σειρά δύο. Έτσι, έχουμε 5 πιθανούς αριθμούς 0,3,4,7 και 8. Εάν το 0 ήταν στον κωδικό πρόσβασης, τότε και το 7 και το 3 θα έπρεπε να απορριφθούν δεδομένου ότι μόνο ένας αριθμός είναι σωστός για τις σειρές 1 και 2. Αυτό θα αφήσει μόνο 0,4,8 ως πιθανούς αριθμούς στον κωδικό πρόσβασης. Δεδομένου ότι ο κωδικός πρόσβασης πρέπει να περιέχει τέσσερις μοναδικούς αριθμούς, το 0 δεν μπορεί να είναι σωστό. Επομένως, τα άλλα ψηφία που συμπληρώνουν τον κωδικό πρέπει να είναι 3 και 7.
Τώρα εξετάζουμε τις πληροφορίες της θέσης ή της παραγγελίας. Από τις σειρές τρεις και πέντε, γνωρίζουμε ότι το 8 μπορεί να βρίσκεται στις θέσεις 2 ή 4:
?-8-?-8
και ότι το 4 μπορεί να είναι σε όλες τις θέσεις εκτός από 2:
4-?-4-4
Από την πρώτη σειρά γνωρίζουμε ότι το 7 πρέπει να βρίσκεται στη θέση 2. τότε, το 8 πρέπει να βρίσκεται στη θέση 4. Από τη σειρά δύο γνωρίζουμε ότι το 3 δεν μπορεί να είναι στη θέση 3, επομένως πρέπει να βρίσκεται στη θέση 1. Επομένως, το 4 βρίσκεται στη θέση 3. Αυτό δίνει τη μόνη δυνατή επιλογή για τον κωδικό πρόσβασης που είναι :
3-7-4-8",5182,3210,2835,3748,3
"Μια αποικία κάστορες ταξιδεύει μέσα σε ένα σκοτεινό δάσος. Το μονοπάτι είναι στενό, έτσι ταξιδεύουν σε μια σειρά χωρίς να περάσουν. Μερικές φορές υπάρχει μια τρύπα στο μονοπάτι. Μια τρύπα περνά με τον εξής τρόπο:
• Πρώτα πηδούν στην τρύπα όσοι κάστορες χωράνε.
• Ολόκληρη η αποικία θα περάσει έπειτα από την τρύπα.
• Οι κάστορες που πήδηξαν μέσα θα σκαρφαλώσουν.
Ερώτηση:
Μια αποικία από 7 κάστορες πέρασε μέσα από το δάσος. Περνάνε πάνω από 3 τρύπες. Η πρώτη τρύπα χωράει 4 κάστορες, η δεύτερη χωράει 2 και στην τελευταία τρύπα χωράνε 3 κάστορες. Τι σειρά βρίσκουν οι κάστορες αφού περάσουν την τρίτη τρύπα;","Βήμα 1: Αποσύνθεση
Για να λύσουμε το πρόβλημα, πρέπει να το χωρίσουμε σε μικρότερα μέρη. Πρέπει να καθορίσουμε τη σειρά με την οποία θα βγουν οι κάστορες από την τρίτη τρύπα. Για να γίνει αυτό, πρέπει να αναλύσουμε κάθε τρύπα και πώς επηρεάζει τη σειρά των κάστορων.

Βήμα 2: Αναγνώριση προτύπων
Πρέπει να αναζητήσουμε σχέδια στον τρόπο με τον οποίο οι κάστορες περνούν τις τρύπες. Για κάθε τρύπα, οι κάστορες που πηδάνε μέσα θα βγαίνουν τελευταίοι. Οι κάστορες που θα περάσουν την τρύπα πριν από αυτούς που πηδήξουν θα βγουν πρώτοι και θα ακολουθήσουν αυτοί που θα πηδήξουν μέσα. Οι κάστορες που θα περάσουν την τρύπα μετά από αυτούς που θα πηδήξουν μέσα θα είναι πρώτοι.

Βήμα 3: Αφαίρεση
Πρέπει να αφαιρέσουμε τις πληροφορίες που έχουμε συγκεντρώσει και να παρακολουθούμε τη σειρά των κάστορων αφού περάσουμε κάθε τρύπα με βάση τον αριθμό των κάστορων που πηδούν και τη σειρά των κάστορων πριν και μετά από κάθε τρύπα.

Ας αφαιρέσουμε την ιδέα της λύσης. Τα γενικά βήματα της αφαίρεσης μπορούν να σημειωθούν ως εξής:

     Πρέπει να παρακολουθούμε τη σειρά των κάστορων αφού περάσουμε κάθε τρύπα.
     Για κάθε τρύπα, πρέπει να καθορίσουμε ποιοι κάστορες πηδάνε και ποιοι περνούν την τρύπα.
     Πρέπει να καθορίσουμε τη σειρά των κάστορων που περνούν την τρύπα πριν και μετά από αυτούς που πηδούν μέσα.

Βήμα 4: Σχεδίαση αλγορίθμου
Με βάση τις πληροφορίες στο πρόβλημα, μπορούμε να προσδιορίσουμε τη σειρά των κάστορων αφού περάσουμε την τρίτη τρύπα. Μπορούμε να ξεκινήσουμε κοιτάζοντας τη σειρά των κάστορων πριν περάσουμε την πρώτη τρύπα. Εφόσον 4 κάστορες πηδούν στην πρώτη τρύπα, οι τέσσερις πρώτοι κάστορες με την αρχική σειρά θα είναι οι τελευταίοι που θα βγουν από την πρώτη τρύπα. Πρέπει επίσης να θυμόμαστε για την αντιστροφή της σειράς των κάστορων που φεύγουν από την τρύπα. Η επανάληψη αυτών των βημάτων για κάθε τρύπα θα δώσει τη λύση.

Ας ελέγξουμε τον αλγόριθμο:

Αρχικά η γραμμή είναι 1 2 3 4 5 6 7
Τότε μετά την πρώτη τρύπα βάθους 4 έχουμε:
5 6 7 4 3 2 1
Μετά τη δεύτερη τρύπα (βάθος 2) έχουμε:
7 4 3 2 1 6 5
Μετά την τρίτη τρύπα (βάθος 3) παίρνουμε:
2 1 6 5 3 4 7
Η οργάνωση δεδομένων με δομημένο τρόπο είναι σημαντική στην επιστήμη των υπολογιστών και υπάρχουν πολλές διαφορετικές δομές δεδομένων που μπορούν να χρησιμοποιηθούν για το σκοπό αυτό.
Αυτή η εργασία δείχνει ένα παράδειγμα μιας δομής που ονομάζεται στοίβα, η οποία λειτουργεί παρόμοια με τη στοίβαξη των πλακών το ένα πάνω στο άλλο. Προσθέτετε πάντα νέες πλάκες στην κορυφή της στοίβας και πρέπει να τις αφαιρείτε από την κορυφή μία κάθε φορά. Αυτός ο τύπος δομής αναφέρεται συνήθως ως δομή LIFO - τα αντικείμενα που έχουν προστεθεί τελευταία είναι τα πρώτα που αφαιρούνται. (LIFO = Last In First Out).",4756123,6574321,2165347,5761432,2
